
                 123                    4                  123                    1                    5                    5
                 456                  456                  456                    0                    0                    0
                 789                  789                 1596                    0                    0                    0
                1596                65478                 8521                    0                    0                    0
                5964                  456                  456                    0                    0                    0
                 126                  126                  126                    0                    0                    0
                6547                 1542                  456                    0                    0                    0
              456987                 1568                  459                    0                    0                    0
                 426                  254                 1563                    0                    0                    0
               45621                  321                  321                    0                    0                    0
                4231                 4231                  123                    0                    0                    0
                1256                 1256                 1256                    0                    0                    0
                7854                 7854                 7854                    0                    0                    0
                 132                  132                  132                    0                    0                    0
                1563                 1563                 1563                    1                    5                    4
                   2               123132                  123                    0                    0                    0