
                 123               jijiji                  123                   10                   57                    2
                 456                 4545                  456                    0                    0                    0
                 789                  789                 1596                    0                    0                    0
                1596                65478                 8521                    0                    0                    0
                5964                  456                  456                    0                    0                    0
                 126                  126                  126                    0                    0                    0
                6547                 1542                  456                    0                    0                    0
              456987                 1568                  459                    0                    0                    0
                 426                  254                 1563                    0                    0                    0
               45621                  321                  321                    0                    0                    0
                4231                 4231                  123                    0                    0                    0
                1256                 1256                 1256                    0                    0                    0
                7854                 7854                 7854                    0                    0                    0
                 132                  132                  132                    0                    0                    0
                1563                 1563                 1563                    1                    5                    4
               59648                   12                 4563                    0                    0                    0
               58964                 8965                  789                    0                    0                    0
               85642                  123                85642                    0                    0                    0
                4758                  yui                  789                    0                    3                    2
               75648                74658                74658                    0                    0                    0
               45689                45689                45689                    0                    0                    0
               54867                54687                54896                    0                    0                    0
                 564                  564                  564                    0                    0                    0
              565656        fdjdhjkfhdskj                 5656                    0                    0                    0